00000000000000000000000001110001
00000000000000000000000001101111
00000000000000000000000001101001
00000000000000000000000001100110
00000000000000000000000000000000
00000000000000000000000000000000
00000000000000000000000000000000
00000000000000000000000000001000
00000000000000000000000000000000
00000000000000000000000000000000
00000000000000000000000000000000
00000000000000000000000000001000
00000000000000000000000000000011
00000000000000000000000000000000
00000000000000000000000010011001
11111111000000000000000011111111
00000000000000000000000010011001
00000000000000000000000001011010
00000000000000000000000010011001
00000000111111110000000011111111
00000000000000000000000010011001
00000000000000000000000001110110
00000000000000000000000010011001
00000000000000001111111111111111
00000000000000000000000010011001
00000000000000000000000001101101
00000000000000000000000010011001
01000101010010100011100011111111
00000000000000000000000010011001
00000000000000000000000011111110
00000000000000000000000001000101
00000000000000000000000001001010
00000000000000000000000000111000
00000000000000000000000010011001
00110101001110110010000111111111
00000000000000000000000010011001
00000000000000000000000011111110
00000000000000000000000000110101
00000000000000000000000000111011
00000000000000000000000000100001
00000000000000000000000010011001
01000000010001010010101111111111
00000000000000000000000010011001
00000000000000000000000010101010
00000000000000000000000010011000
00000000000000000000000010011001
00110000001100110010001111111111
00000000000000000000000010011001
00000000000000000000000011111110
00000000000000000000000000110000
00000000000000000000000000110011
00000000000000000000000000100011
00000000000000000000000010011001
01001000010010110011100011111111
00000000000000000000000010011001
00000000000000000000000010111000
00000000000000000000000010000101
00000000000000000000000010011001
01001101010100010011100111111111
00000000000000000000000010011001
00000000000000000000000011111110
00000000000000000000000001001101
00000000000000000000000001010001
00000000000000000000000000111001
00000000000000000000000010011001
00110100001101110010011111111111
00000000000000000000000010011001
00000000000000000000000011111110
00000000000000000000000000110100
00000000000000000000000000110111
00000000000000000000000000100111
00000000000000000000000010011001
01000011010001110010101011111111
00000000000000000000000010011001
00000000000000000000000011111110
00000000000000000000000001000011
00000000000000000000000001000111
00000000000000000000000000101010
00000000000000000000000010011001
01001110010011110010111011111111
00000000000000000000000010011001
00000000000000000000000010101000
00000000000000000000000010110100
00000000000000000000000010011001
01110001011100000101001111111111
00000000000000000000000010011001
00000000000000000000000011111110
00000000000000000000000001110001
00000000000000000000000001110000
00000000000000000000000001010011
00000000000000000000000010011001
01001110010011000011010111111111
00000000000000000000000010011001
00000000000000000000000011111110
00000000000000000000000001001110
00000000000000000000000001001100
00000000000000000000000000110101
00000000000000000000000010011001
01011010010110000011000011111111
00000000000000000000000010011001
00000000000000000000000011111110
00000000000000000000000001011010
00000000000000000000000001011000
00000000000000000000000000110000
00000000000000000000000010011001
10000001011110010100011011111111
00000000000000000000000010011001
00000000000000000000000011111110
00000000000000000000000010000001
00000000000000000000000001111001
00000000000000000000000001000110
00000000000000000000000010011001
10111000101010100111100011111111
00000000000000000000000010011001
00000000000000000000000011111110
00000000000000000000000010111000
00000000000000000000000010101010
00000000000000000000000001111000
00000000000000000000000010011001
10110001100111110110111111111111
00000000000000000000000010011001
00000000000000000000000010010101
00000000000000000000000011001010
00000000000000000000000010011001
10010111100001000100111011111111
00000000000000000000000010011001
00000000000000000000000011111110
00000000000000000000000010010111
00000000000000000000000010000100
00000000000000000000000001001110
00000000000000000000000010011001
10110011100111100110010011111111
00000000000000000000000010011001
00000000000000000000000010111010
00000000000000000000000010100100
00000000000000000000000010011001
10111011101001010110010111111111
00000000000000000000000010011001
00000000000000000000000011111110
00000000000000000000000010111011
00000000000000000000000010100101
00000000000000000000000001100101
00000000000000000000000010011001
10100001100010000100000111111111
00000000000000000000000010011001
00000000000000000000000011111110
00000000000000000000000010100001
00000000000000000000000010001000
00000000000000000000000001000001
00000000000000000000000010011001
11011000101111010111001011111111
00000000000000000000000010011001
00000000000000000000000011111110
00000000000000000000000011011000
00000000000000000000000010111101
00000000000000000000000001110010
00000000000000000000000010011001
10101011100111000110111011111111
00000000000000000000000010011001
00000000000000000000000011111110
00000000000000000000000010101011
00000000000000000000000010011100
00000000000000000000000001101110
00000000000000000000000010011001
01101100011001110100000011111111
00000000000000000000000010011001
00000000000000000000000011111110
00000000000000000000000001101100
00000000000000000000000001100111
00000000000000000000000001000000
00000000000000000000000010011001
01001000010000010010110111111111
00000000000000000000000010011001
00000000000000000000000011111110
00000000000000000000000001001000
00000000000000000000000001000001
00000000000000000000000000101101
00000000000000000000000010011001
01101101011010110100000111111111
00000000000000000000000010011001
00000000000000000000000011111110
00000000000000000000000001101101
00000000000000000000000001101011
00000000000000000000000001000001
00000000000000000000000010011001
01000110010000100011010111111111
00000000000000000000000010011001
00000000000000000000000011111110
00000000000000000000000001000110
00000000000000000000000001000010
00000000000000000000000000110101
00000000000000000000000010011001
01010010010100000011010111111111
00000000000000000000000010011001
00000000000000000000000011111110
00000000000000000000000001010010
00000000000000000000000001010000
00000000000000000000000000110101
00000000000000000000000010011001
01101010011010100100001111111111
00000000000000000000000010011001
00000000000000000000000011111110
00000000000000000000000001101010
00000000000000000000000001101010
00000000000000000000000001000011
00000000000000000000000010011001
01000101010000000010111011111111
00000000000000000000000010011001
00000000000000000000000011111110
00000000000000000000000001000101
00000000000000000000000001000000
00000000000000000000000000101110
00000000000000000000000010011001
00110011001011010010100111111111
00000000000000000000000010011001
00000000000000000000000011111110
00000000000000000000000000110011
00000000000000000000000000101101
00000000000000000000000000101001
00000000000000000000000010011001
00101101001010110010111011111111
00000000000000000000000010011001
00000000000000000000000011111110
00000000000000000000000000101101
00000000000000000000000000101011
00000000000000000000000000101110
00000000000000000000000010011001
01000110010001110010100011111111
00000000000000000000000010011001
00000000000000000000000011111110
00000000000000000000000001000110
00000000000000000000000001000111
00000000000000000000000000101000
00000000000000000000000010011001
10000110100001010011111111111111
00000000000000000000000010011001
00000000000000000000000011111110
00000000000000000000000010000110
00000000000000000000000010000101
00000000000000000000000000111111
00000000000000000000000010011001
10010110100010100010000011111111
00000000000000000000000010011001
00000000000000000000000011111110
00000000000000000000000010010110
00000000000000000000000010001010
00000000000000000000000000100000
00000000000000000000000010011001
10011110101000000010101111111111
00000000000000000000000010011001
00000000000000000000000011111110
00000000000000000000000010011110
00000000000000000000000010100000
00000000000000000000000000101011
00000000000000000000000010011001
00111001001110010001111011111111
00000000000000000000000010011001
00000000000000000000000011111110
00000000000000000000000000111001
00000000000000000000000000111001
00000000000000000000000000011110
00000000000000000000000010011001
00100110001000110010110011111111
00000000000000000000000010011001
00000000000000000000000011111110
00000000000000000000000000100110
00000000000000000000000000100011
00000000000000000000000000101100
00000000000000000000000010011001
01100000010111110010011011111111
00000000000000000000000010011001
00000000000000000000000011111110
00000000000000000000000001100000
00000000000000000000000001011111
00000000000000000000000000100110
00000000000000000000000010011001
10010111100011110010000011111111
00000000000000000000000010011001
00000000000000000000000011111110
00000000000000000000000010010111
00000000000000000000000010001111
00000000000000000000000000100000
00000000000000000000000010011001
01111010011101010001101011111111
00000000000000000000000010011001
00000000000000000000000011111110
00000000000000000000000001111010
00000000000000000000000001110101
00000000000000000000000000011010
00000000000000000000000010011001
01100001010111110011100111111111
00000000000000000000000010011001
00000000000000000000000011111110
00000000000000000000000001100001
00000000000000000000000001011111
00000000000000000000000000111001
00000000000000000000000010011001
01010001010011000011000111111111
00000000000000000000000010011001
00000000000000000000000011111110
00000000000000000000000001010001
00000000000000000000000001001100
00000000000000000000000000110001
00000000000000000000000010011001
00011010000110010001101111111111
00000000000000000000000010011001
00000000000000000000000011111110
00000000000000000000000000011010
00000000000000000000000000011001
00000000000000000000000000011011
00000000000000000000000010011001
01001011010100000010101111111111
00000000000000000000000010011001
00000000000000000000000011111110
00000000000000000000000001001011
00000000000000000000000001010000
00000000000000000000000000101011
00000000000000000000000010011001
01010001010110100001111011111111
00000000000000000000000010011001
00000000000000000000000011111110
00000000000000000000000001010001
00000000000000000000000001011010
00000000000000000000000000011110
00000000000000000000000010011001
01000101010010010010001111111111
00000000000000000000000010011001
00000000000000000000000011111110
00000000000000000000000001000101
00000000000000000000000001001001
00000000000000000000000000100011
00000000000000000000000010011001
01001010010011010010001011111111
00000000000000000000000010011001
00000000000000000000000011111110
00000000000000000000000001001010
00000000000000000000000001001101
00000000000000000000000000100010
00000000000000000000000010011001
01001111010100110010101111111111
00000000000000000000000010011001
00000000000000000000000010100110
00000000000000000000000001111011
00000000000000000000000010011001
00110111001111100001000111111111
00000000000000000000000010011001
00000000000000000000000011111110
00000000000000000000000000110111
00000000000000000000000000111110
00000000000000000000000000010001
00000000000000000000000010011001
00110111001111010001110111111111
00000000000000000000000010011001
00000000000000000000000011111110
00000000000000000000000000110111
00000000000000000000000000111101
00000000000000000000000000011101
00000000000000000000000010011001
00111110010001010001101111111111
00000000000000000000000010011001
00000000000000000000000011111110
00000000000000000000000000111110
00000000000000000000000001000101
00000000000000000000000000011011
00000000000000000000000010011001
01000111010011000010011111111111
00000000000000000000000010011001
00000000000000000000000011111110
00000000000000000000000001000111
00000000000000000000000001001100
00000000000000000000000000100111
00000000000000000000000010011001
01001101010100010001111011111111
00000000000000000000000010011001
00000000000000000000000011111110
00000000000000000000000001001101
00000000000000000000000001010001
00000000000000000000000000011110
00000000000000000000000010011001
01101010011011100011011111111111
00000000000000000000000010011001
00000000000000000000000010111101
00000000000000000000000010000100
00000000000000000000000010011001
01000010010000010001111111111111
00000000000000000000000010011001
00000000000000000000000011111110
00000000000000000000000001000010
00000000000000000000000001000001
00000000000000000000000000011111
00000000000000000000000010011001
00101100001000110001111111111111
00000000000000000000000010011001
00000000000000000000000011111110
00000000000000000000000000101100
00000000000000000000000000100011
00000000000000000000000000011111
00000000000000000000000010011001
00100001000110010001011111111111
00000000000000000000000010011001
00000000000000000000000010010110
00000000000000000000000001111010
00000000000000000000000010011001
00010110000100010000111111111111
00000000000000000000000010011001
00000000000000000000000010011000
00000000000000000000000001011000
00000000000000000000000010011001
00010000000011000000101111111111
00000000000000000000000010011001
00000000000000000000000010011011
00000000000000000000000001111001
00000000000000000000000010011001
00001110000011000000110111111111
00000000000000000000000010011001
00000000000000000000000010100000
00000000000000000000000001101010
00000000000000000000000010011001
00001101000010110000110011111111
00000000000000000000000010011001
00000000000000000000000001010101
00000000000000000000000010011001
00001011000010010000101011111111
00000000000000000000000010011001
00000000000000000000000001000000
00000000000000000000000000000000
00000000000000000000000000000000
00000000000000000000000000000000
00000000000000000000000000000000
00000000000000000000000000000000
00000000000000000000000000000000
00000000000000000000000000000000
00000000000000000000000000000001
